2291734
2305708
2298095
2302953
2307323
2306237
2301583
2302430
2306232
2299505
2291749
1618162
2308409
2284119
2285845
2304720
2306867
2280431
2303635
2305130
2282848
2298549
2290421
2287614
2283493
2305328
2302853
2302333
2304754
2300952
2308439
2300558
2304758
2301007
2306257
2292055
2298678
2292851
2288771
2305714
2301599
2304346
2305832
2307335
2298685
2293550
2307579
2308543
2307971
2291774
2298208
2293159
2301026
2289058
2301149
2305221
2299148
2298730
2299541
2287392
2302475
2298572
2292632
2291149
2306790
2287425
2283221
2289726
2286616
2286053
2287661
2288992
2282656
2298105
2307357
2297893
2299155
2304243
2286608
2284143
2300519
2307705
2286285
2288069
2301206
2303625
2288743
2273813
2300593
2280978
2292892
2302926
2287129
2301715
2282590
2300860
2304304
2303731
2299171
2306721
2299333